1 00001388
1 000013EC
0 00001450
1 000014B4
1 00001518
1 0000157C
0 000015E0
0 00001644
1 000016A8
0 0000170C
1 00001770
0 000017D4
0 00001838
0 0000189C
1 00001900
1 00001964
1 000019C8
0 00001A2C
0 00001A90
0 00001AF4
1 00001B58
0 00001BBC
0 00001C20
0 00001C84
0 00001CE8
1 00001D4C
1 00001DB0
0 00001E14
1 00001E78
1 00001EDC
1 00001F40
1 00001FA4
1 00002008
0 0000206C
0 000020D0
1 00002134
0 00002198
1 000021FC
0 00002260
0 000022C4
1 00002328
1 0000238C
1 000023F0
1 00002454
1 000024B8
0 0000251C
1 00002580
1 000025E4
0 00002648
1 000026AC
0 00002710
1 00002774
1 000027D8
0 0000283C
0 000028A0
0 00002904
1 00002968
0 000029CC
0 00002A30
0 00002A94
0 00002AF8
1 00002B5C
1 00002BC0
1 00002C24
1 00002C88
0 00002CEC
1 00002D50
1 00002DB4
1 00002E18
1 00002E7C
1 00002EE0
1 00002F44
0 00002FA8
1 0000300C
0 00003070
0 000030D4
0 00003138
0 0000319C
0 00003200
1 00003264
0 000032C8
1 0000332C
1 00003390
1 000033F4
1 00003458
1 000034BC
1 00003520
0 00003584
1 000035E8
1 0000364C
0 000036B0
0 00003714
1 00003778
1 000037DC
1 00003840
1 000038A4
0 00003908
1 0000396C
0 000039D0
1 00003A34
0 00003A98
0 00003AFC
1 00003B60
1 00003BC4
1 00003C28
1 00003C8C
0 00003CF0
0 00003D54
1 00003DB8
0 00003E1C
1 00003E80
1 00003EE4
0 00003F48
0 00003FAC
0 00004010
0 00004074
1 000040D8
0 0000413C
1 000041A0
1 00004204
0 00004268
0 000042CC
1 00004330
0 00004394
0 000043F8
0 0000445C
0 000044C0
1 00004524
0 00004588
1 000045EC
1 00004650
0 000046B4
1 00004718
0 0000477C
1 000047E0
1 00004844
1 000048A8
0 0000490C
0 00004970
1 000049D4
1 00004A38
0 00004A9C
1 00004B00
1 00004B64
0 00004BC8
0 00004C2C
1 00004C90
0 00004CF4
1 00004D58
1 00004DBC
1 00004E20
1 00004E84
1 00004EE8
0 00004F4C
1 00004FB0
0 00005014
1 00005078
1 000050DC
1 00005140
0 000051A4
0 00005208
1 0000526C
1 000052D0
0 00005334
1 00005398
1 000053FC
1 00005460
1 000054C4
0 00005528
0 0000558C
1 000055F0
1 00005654
1 000056B8
1 0000571C
0 00005780
0 000057E4
1 00005848
0 000058AC
0 00005910
0 00005974
1 000059D8
0 00005A3C
1 00005AA0
0 00005B04
0 00005B68
1 00005BCC
1 00005C30
0 00005C94
1 00005CF8
0 00005D5C
1 00005DC0
1 00005E24
1 00005E88
1 00005EEC
1 00005F50
1 00005FB4
0 00006018
0 0000607C
0 000060E0
1 00006144
0 000061A8
0 0000620C
1 00006270
1 000062D4
1 00006338
0 0000639C
0 00006400
0 00006464
1 000064C8
0 0000652C
1 00006590
0 000065F4
0 00006658
0 000066BC
0 00006720
0 00006784
1 000067E8
1 0000684C
1 000068B0
0 00006914
1 00006978
1 000069DC
0 00006A40
1 00006AA4
1 00006B08
0 00006B6C
1 00006BD0
1 00006C34
0 00006C98
0 00006CFC
1 00006D60
1 00006DC4
1 00006E28
1 00006E8C
1 00006EF0
0 00006F54
0 00006FB8
0 0000701C
0 00007080
1 000070E4
0 00007148
0 000071AC
1 00007210
0 00007274
0 000072D8
0 0000733C
1 000073A0
0 00007404
1 00007468
1 000074CC
0 00007530
1 00007594
1 000075F8
1 0000765C
0 000076C0
